1628
4 701 722 770 783
4 817 1244 1262 1300
4 1363 1367 1387 1432
4 1566 1577 1736 1790
4 1842 2014 2048 2063
4 2217 2247 2258 2273
4 2404 2593 2609 2684
4 2971 2975 2989 3130
4 3206 3277 3285 3288
4 3378 3460 3551 3720
4 3800 3850 3959 3962
4 4264 4265 4347 4459
4 4543 4603 4722 4748
4 4934 5000 5004 5112
4 5139 5270 5291 5385
4 5630 5762 6271 6276
4 6399 6552 6712 6775
4 6795 6874 6906 6987
4 7039 7144 7169 7189
4 7291 7446 7469 7552
4 7641 7708 7774 7810
4 7908 8005 8069 8169
4 8218 8225 8350 8362
4 8404 8457 8490 8492
4 8538 8575 8619 8680
4 8691 8795 8916 8971
4 9061 9093 9420 9441
4 9467 9494 9517 9581
4 9738 9780 9824 9918
4 35 102 205 246
4 375 551 663 857
4 882 929 944 1011
4 1072 1257 1280 1309
4 1370 1573 1651 1739
4 1771 1879 1910 2151
4 2223 2287 2290 2341
4 2465 2618 2655 2677
4 2719 2943 2986 3185
4 3230 3252 3282 3294
4 3336 3390 3436 3652
4 3836 3858 4017 4072
4 4207 4275 4276 4432
4 4462 4497 4687 4853
4 4889 4903 4921 5016
4 5116 5119 5165 5243
4 5258 5312 5381 5414
4 5475 5626 5759 5933
4 6084 6116 6138 6221
4 6267 6327 6383 6408
4 6433 6469 6594 6736
4 6867 6898 6936 7054
4 7082 7114 7226 7312
4 7680 7790 8046 8074
4 8092 8102 8120 8207
4 8249 8403 8787 8800
4 8910 8989 8993 9067
4 9300 9417 9428 9454
4 9460 9481 9567 9725
4 9850 9953 15 73
4 155 320 539 588
4 655 914 932 1014
4 1251 1342 1360 1380
4 1398 1420 1500 1603
4 1719 2005 2111 2317
4 2369 2413 2588 2641
4 2643 2764 2853 2904
4 2991 3380 3406 3441
4 3461 3545 3550 3576
4 3766 3778 3831 3955
4 4241 4493 4601 5062
4 5186 5319 5477 5587
4 5590 5620 5629 6139
4 6159 6325 6418 6431
4 6475 6696 6722 6980
4 7021 7034 7133 7338
4 7448 7452 7589 7650
4 7941 8050 8096 8191
4 8192 8280 8514 8520
4 8825 8840 8914 9116
4 9125 9169 9287 9308
4 9353 9381 9388 9607
4 9923 9998 99 429
4 440 563 743 1112
4 1245 1247 1463 1468
4 1493 1641 1792 1795
4 1828 2017 2455 2507
4 2519 2581 2638 2945
4 3081 3197 3377 3384
4 3387 3533 3535 3571
4 3603 3682 3742 3931
4 4008 4084 4114 4536
4 4541 4576 4589 4593
4 4743 4968 4998 5202
4 5221 5228 5440 5552
4 5618 5634 5857 5999
4 6043 6103 6236 6360
4 6503 6710 6878 6991
4 7035 7113 7182 7323
4 7348 7450 7597 7705
4 7811 7933 8029 8054
4 8121 8512 8666 8765
4 8959 9127 9228 9290
4 9704 9740 9898 9939
4 52 116 135 266
4 368 470 524 528
4 569 680 713 927
4 1025 1104 1108 1123
4 1236 1274 1343 1457
4 1662 1748 1752 1757
4 1776 1893 1938 1940
4 1950 2132 2286 2640
4 2721 2778 2832 2871
4 3198 3435 3572 420
4 3732 3751 3755 3876
4 4111 4130 4145 4310
4 4418 4580 4680 4686
4 4749 4759 4812 5069
4 5394 5403 5597 5684
4 5818 5878 5937 5971
4 6048 6086 6182 6190
4 6217 6251 6295 6303
4 6369 6461 6658 6855
4 7029 7203 7379 7396
4 7575 7738 8217 8226
4 8271 8300 8416 8445
4 8481 8574 8587 8649
4 8678 8974 9113 9132
4 9317 9334 9395 9445
4 9477 9537 9708 9782
4 9796 9817 9947 9967
4 9992 167 223 3525
4 989 1033 1185 1241
4 1310 1408 1448 1617
4 1676 1772 1901 2760
4 2767 2845 3094 3100
4 3116 3152 3215 3245
4 3287 3393 3459 92
4 3815 3829 3868 3908
4 3970 4039 4086 4159
4 4180 4349 4755 4760
4 4864 4999 5092 724
4 5486 5555 5560 5826
4 6066 6200 6523 6597
4 6909 6916 7107 7160
4 7358 7376 7378 7455
4 7477 7503 8024 8041
4 8157 8188 8255 8428
4 8764 8953 9012 9040
4 9112 9147 9351 9412
4 9455 9480 9640 9666
4 9808 9878 9916 9949
4 259 9979 9980 344
4 7053 495 506 3642
4 5447 1017 1169 1379
4 1434 1455 1769 1844
4 2145 2366 2637 2735
4 2753 3032 3056 3148
4 3319 3430 3490 3699
4 3826 3957 3960 4015
4 4024 4051 4081 4152
4 4181 4199 4253 4342
4 4350 4396 4606 4872
4 4897 4941 5033 5050
4 5405 5650 5893 5984
4 6004 6241 6820 6872
4 6970 7244 7317 625
4 7328 7456 8048 8279
4 8467 8483 8693 8782
4 8887 8892 8905 9053
4 9396 9509 9783 9940
4 36 125 971 1428
4 1019 1089 1144 779
4 1325 1456 1458 1730
4 1785 1855 2069 2302
4 2445 2491 2644 2679
4 2780 2844 2865 2869
4 2923 3093 3151 3388
4 3404 3556 3589 3627
4 3701 3711 3921 3979
4 4125 4166 4304 4364
4 4454 4471 4590 4654
4 4799 4905 5109 5230
4 5354 5374 5390 5565
4 5571 5654 5673 5735
4 5976 6061 6067 6194
4 6386 6422 6588 6758
4 6793 6802 7304 7722
4 7754 7784 7816 7837
4 8243 8301 8515 8622
4 8706 8843 8949 9109
4 9191 9279 9310 9422
4 9442 9452 9510 9541
4 9731 9758 9809 9997
4 276 339 518 1314
4 718 747 841 981
4 994 1048 1067 1255
4 1365 1721 1913 1926
4 2037 2040 2078 2090
4 2130 2276 2458 2667
4 2670 2714 2815 2851
4 2938 2965 2973 2984
4 3160 3190 3200 3236
4 3359 3462 3709 3713
4 3779 4068 4201 4303
4 4338 4348 4499 4597
4 4673 4745 4869 4927
4 5143 5344 5348 5695
4 5704 5871 5930 6013
4 6071 6091 6092 6204
4 6207 6322 6608 6667
4 6732 6877 7027 7070
4 7084 7242 7411 7538
4 7609 7630 7701 7762
4 7765 8184 8315 8385
4 8427 8627 8705 8769
4 8943 8973 9049 9058
4 9064 9288 9402 9472
4 9518 9827 9831 9897
4 9925 109 330 897
4 397 426 454 702
4 497 665 707 721
4 843 1028 1126 1215
4 1239 1394 1425 1520
4 1674 1896 2004 2015
4 2031 2032 2053 2158
4 2187 2197 2338 2446
4 2524 2613 2654 2675
4 2777 2791 2822 2914
4 3036 3071 3103 3162
4 3456 3520 3659 479
4 3872 3946 3974 3999
4 4003 4250 4395 4420
4 4460 4586 4862 5103
4 5288 5434 5605 5679
4 5737 5738 5780 5843
4 5846 5855 5858 387
4 6515 6729 6768 6954
4 7073 7193 7325 7619
4 7720 7763 7930 7976
4 8025 8033 8285 8402
4 8544 8664 8723 8937
4 9170 9476 9707 3723
4 1312 286 488 6164
4 9753 861 913 1069
4 1486 1637 1680 535
4 1900 2099 2350 2387
4 2542 2606 2855 2868
4 2893 2894 2992 3067
4 3143 3180 3232 3264
4 3342 3733 3740 3770
4 4067 4302 4378 1232
4 4730 4744 4831 4849
4 5071 5114 5204 5248
4 5307 5334 5372 5500
4 5507 5572 5761 5805
4 6041 6555 6863 6879
4 6895 6908 7285 7428
4 7505 7562 7572 543
4 7687 7867 8125 8234
4 8295 8352 8378 7582
4 8580 8790 8921 9389
4 9461 9531 9598 4624
4 1630 317 442 8484
4 9653 679 694 969
4 1242 1816 1906 548
4 1921 2027 2135 2321
4 2322 2440 2478 2497
4 3010 3139 3182 3433
4 3604 3725 3986 661
4 4029 4383 4401 4585
4 4815 4908 4909 5301
4 5318 5408 5502 5567
4 6001 6032 6165 6211
4 6238 6397 6449 6786
4 6978 7044 7161 4021
4 7282 7435 7437 7806
4 7874 7974 8088 8216
4 8482 8489 8589 8621
4 8630 8674 8802 8884
4 8976 9056 9202 9306
4 9335 9497 9683 9688
4 9756 9790 9924 7199
4 90 104 166 1121
4 647 758 852 933
4 1051 1098 1125 1417
4 1446 1560 1643 1797
4 1991 2034 2119 350
4 2374 2394 8869 8926
4 8917 2534 2547 2625
4 2768 2816 494 79
4 3231 3304 3351 3421
4 3726 3920 3998 4162
4 4168 4295 4366 4472
4 4476 4485 4587 4652
4 4805 4836 4970 5031
4 5089 5320 5445 5468
4 5506 5645 5667 5987
4 6362 6465 6502 6626
4 6717 6813 6896 7280
4 7366 7449 7497 7601
4 7714 7769 7940 8071
4 8262 8324 8339 8394
4 8414 8444 8710 8847
4 9077 2414 2263 560
4 9466 9630 9697 84
4 474 547 599 830
4 879 946 951 980
4 1397 1472 1710 1760
4 1863 1875 1914 1916
4 2093 2261 2880 2284
4 2403 2496 2710 2738
4 2742 2926 2995 3098
4 3166 3183 3548 3601
4 3609 3631 3661 3706
4 3767 3886 3900 3967
4 3989 4049 4073 4118
4 4261 4385 4626 4719
4 4751 4776 4974 2315
4 5326 5459 5623 5932
4 5955 5975 6214 6287
4 6292 6883 6997 7191
4 7234 7468 7519 7537
4 7563 7685 7846 7860
4 7947 8126 8358 5226
4 8369 8386 8885 9034
4 9071 9103 9657 9760
4 4779 4784 4947 3065
4 5433 231 7707 2755
4 501 580 584 692
4 710 751 790 1204
4 1246 1272 1657 1894
4 1997 2041 2113 2114
4 2189 2256 2438 2576
4 2616 3040 3113 3140
4 3163 3429 3468 3592
4 3650 3982 4210 4225
4 4268 4324 4336 4481
4 8178 2482 9801 113
4 5564 5687 5711 5716
4 5775 5784 5827 6299
4 6317 6335 6346 7747
4 6437 7912 6464 6486
4 6861 6926 6951 6995
4 7188 7354 8057 7598
4 8051 29 351 445
4 8182 8317 8448 8460
4 8488 8531 8656 8704
4 8799 8841 8909 8920
4 9001 9167 9268 9277
4 9373 9676 9739 9915
4 9937 9938 100 46
4 7012 243 460 664
4 905 1034 1175 1419
4 1600 1659 1697 1779
4 1784 2434 2441 787
4 4071 2493 2501 2539
4 2639 2682 3805 3814
4 4061 4190 4204 2559
4 4278 4362 4772 4785
4 4824 5154 5425 5490
4 5656 5707 5988 6047
4 6333 6385 6394 6601
4 6657 6893 7004 212
4 7056 7141 7181 7205
4 7297 7331 7472 7482
4 7506 7560 7612 7767
4 7904 7926 7952 8072
4 8149 8341 8476 8480
4 9110 9315 9378 9515
4 9654 9757 9845 9919
4 7126 7269 334 2487
4 731 813 7277 7294
4 925 1193 1362 1390
4 1449 1482 6568 7691
4 1746 1780 1791 1823
4 1927 2177 490 6424
4 2494 2708 2761 2830
4 2833 2867 3005 3013
4 4083 4101 4282 4391
4 4448 4765 4803 4984
4 5065 5087 5283 5392
4 5484 5525 5541 5659
4 5708 5743 5821 5927
4 6140 6218 6349 6532
4 6587 6847 6889 7006
4 705 354 853 873
4 7355 7520 8018 416
4 8042 8060 8066 8175
4 8208 8281 8288 8349
4 8357 8690 8718 9033
4 9133 9163 9358 9705
4 9956 345 366 592
4 685 732 755 941
4 1007 1281 1293 1356
4 1660 1759 1798 2073
4 2182 2615 2648 2737
4 2787 2896 2958 2960
4 3034 3238 3317 3397
4 3465 3514 3653 3764
4 4129 4382 4431 2430
4 4647 4778 4800 2429
4 6298 5144 5402 5438
4 5524 5647 5669 6115
4 6172 6376 6439 4878
4 6489 6575 6589 6598
4 6779 6816 6884 6911
4 6941 7158 7173 7195
4 7214 7746 7836 7935
4 8290 8296 8343 1702
4 8687 8743 8798 8577
4 8871 8935 8980 8983
4 9231 9242 9492 9674
4 9743 9857 9874 9983
4 6943 7028 8830 5337
4 5411 386 399 408
4 1715 5520 3569 2339
4 1675 1945 2071 2156
4 2209 2250 4615 2396
4 2626 2788 2849 3014
4 3128 5435 3168 3305
4 3537 3594 5532 3597
4 3776 4023 4183 4212
4 4213 4223 4319 340
4 624 5102 4528 4569
4 50 991 1041 4397
4 5911 5990 6624 6716
4 6785 7324 126 1156
4 7470 7776 7817 7838
4 7869 7955 8260 8261
4 8327 8518 8858 8999
4 9095 9141 9203 9216
4 9404 9408 9574 9587
4 9766 9791 9841 80
4 247 282 353 807
4 4182 7353 285 7115
4 7147 3507 1030 1053
4 878 7473 7390 7780
4 1682 1722 1786 2118
4 2183 2214 2362 1629
4 2784 2901 2940 3000
4 3470 3524 3613 3710
4 3881 3981 891 4033
4 4087 4189 4296 1150
4 1666 4332 4346 4368
4 4707 4838 4881 4991
4 5011 5039 5076 5269
4 5305 5314 5335 5232
4 5830 1368 5841 95
4 1392 9994 6113 9913
4 7137 7146 7284 7336
4 7351 7485 7676 1173
4 6728 7723 7879 7998
4 8335 8623 8846 8904
4 8922 9185 9405 9665
4 4169 3934 4315 1240
4 5880 4321 4437 4424
4 4484 4825 4835 5315
4 5648 869 8145 5501
4 4854 4955 5216 5992
4 6027 6124 6646 4560
4 6780 945 6505 5861
4 2623 5810 5868 5801
4 5664 2421 6695 5764
4 6145 6181 6462 9834
4 9642 9899 7905 8194
4 8205 6819 6900 6966
4 8313 1229 6117 8390
4 8337 5300 8504 8720
4 8738 8902 9069 9273
4 2846 2918 952 2699
4 6250 5935 6310 5452
4 3649 4294 3614 42
4 6442 7750 6546 6672
4 6561 7016 6949 4045
4 7051 2283 9909 1990
4 9672 2255 1373 8901
4 1301 1503 1672 7702
4 1687 1815 400 105
4 436 5142 4931 5194
4 5249 5075 8809 6781
4 585 6663 6838 476
4 447 716 2646 1441
4 2361 2460 557 4329
4 4827 4446 855 772
4 792 892 5465 5739
4 5546 3224 3345 3298
4 3289 21 9702 3599
4 3687 9893 8370 4146
4 8151 8582 3175 8013
4 7487 8020 4809 7403
4 7240 7414 9687 9432
4 9512 6931 6089 6886
4 2139 6934 3448 3398
4 3568 5396 5349 3910
4 7495 5159 9144 9195
4 9343 8111 595 331
4 1052 1966 8699 2416
4 2103 2409 8888 1143
4 4817 1124 1213 2818
4 2969 3007 3676 232
4 7373 7080 7124 8450
4 7999 8270 1592 1327
4 1442 3043 3045 2981
4 3181 3249 3192 3221
4 1602 1605 1957 3403
4 3284 3851 3554 3735
4 4542 3562 4010 2419
4 2617 2729 6219 5152
4 6324 6338 4154 5638
4 4345 4219 5723 5806
4 4455 5715 6372 5608
4 3184 4924 5415 5582
4 5746 5753 5847 6907
4 9304 6869 7128 6929
4 5867 5996 6029 6056
4 6059 6131 8306 6790
4 6566 6764 8433 9115
4 9627 9080 9385 6348
4 8925 7478 7605 7709
4 9079 6521 8896 6440
4 9671 9750 9762 1974
4 617 1933 1905 1
4 66 141 250 48
4 295 363 838 176
4 810 1163 1962 455
4 504 561 775 1545
4 619 808 2109 2194
4 2391 2763 2443 2471
4 1623 1698 1871 4820
4 4570 4608 4256 4138
4 3958 3737 8550 5519
4 8566 2360 8781 6191
4 6045 6083 3320 4510
4 2810 6759 6573 3234
4 3532 3865 7256 3943
4 4901 5306 5420 5706
4 5997 8471 6894 8982
4 5802 6247 6501 4548
4 4411 4270 6665 8130
4 8354 8371 8095 8124
4 8127 9826 552 9982
4 9835 7143 7548 1334
4 7576 9501 9349 1607
4 9364 9596 484 9727
4 2392 9593 8669 2650
4 7698 8399 9437 9621
4 9485 3410 382 8688
4 9989 3738 434 578
4 4665 496 469 6099
4 6100 4171 6062 5765
4 9639 5660 5768 6641
4 6548 6525 6599 8107
4 6891 75 8708 8007
4 8283 8792 5285 8829
4 2397 8082 2208 1692
4 2244 4945 1078 5795
4 5637 8755 1531 1655
4 9729 9643 9803 1968
4 2003 1981 1304 2479
4 2530 1596 2477 2605
4 681 3483 762 5450
4 765 1960 3565 2219
4 3622 3640 3171 3786
4 3260 3315 2631 6011
4 2792 2724 3774 6603
4 3660 3683 6423 6455
4 6262 6487 5781 5799
4 5866 8948 5 2796
4 3063 9619 2864 2972
4 3820 3835 3948 4277
4 4429 7644 4888 5358
4 5655 6865 5412 6755
4 6687 5934 6801 7207
4 6975 7462 9199 2236
4 8995 9142 9104 9392
4 8565 9253 9403 8364
4 7517 7635 7918 6837
4 7049 5264 438 7568
4 6979 7352 7587 6610
4 6625 6836 4119 3971
4 7996 1925 3638 6388
4 6169 6249 7681 9416
4 9391 7591 6946 7593
4 7254 7265 7295 8719
4 8055 9777 1451 3489
3 233 7968 8583
3 712 851 7422
3 1431 26 8634
3 6826 963 9177
3 7440 3606 9520
3 9449 3291 2092
3 1026 907 2146
3 1264 4085 2450
3 1092 2624 1291
3 3512 4753 6892
3 3418 3702 2195
3 3452 6691 7728
3 2820 4629 9088
3 3069 5130 699
3 6413 6689 5662
3 6789 6355 9439
3 3538 8856 5478
3 4643 4729 9516
3 5124 1375 9579
3 2346 4096 4178
3 4203 3864 2449
3 8939 9052 6974
3 4380 5290 2915
3 2528 8724 8266
3 5922 7604 3605
3 6688 6791 6538
3 6030 7303 8140
3 5923 6977 7910
3 9911 7718 5455
3 2840 8818 2292
3 6482 3703 9615
3 7615 9928 5797
3 6642 2979 1389
3 1498 8700 8030
3 3365 8106 4289
3 742 3952 9292
3 4526 564 4343
3 8091 3061 1604
3 5093 4539 2233
3 3923 4900 5712
3 4404 4281 5284
3 1565 4682 8307
3 5497 3855 9118
3 4140 3964 7402
3 6653 8510 8588
3 5562 2056 6955
3 3833 1384 1481
3 8105 310 3250
3 9184 9262 6992
3 1024 2312 1919
3 9401 122 1528
3 1670 1782 129
3 2599 8294 7997
3 3976 4075 824
3 4316 1269 2917
3 5393 5431 3510
3 6798 3630 98
3 6530 6609 2701
3 7023 4566 657
3 7865 4677 3954
3 8308 8330 6928
3 4552 5022 5115
3 9440 9936 3372
3 8590 8611 8741
3 7621 7779 7798
3 667 874 744
3 9503 9840 9875
3 890 918 1128
3 8852 9293 3739
3 4105 4563 1268
3 9025 9565 985
3 1834 2354 3919
3 3574 3575 389
3 2133 3937 9805
3 2454 3207 4866
3 8245 324 3996
3 748 754 4186
3 2774 4007 1543
3 8421 7213 7232
3 5184 6318 7271
3 14 7225 7566
3 5195 5352 8112
3 9504 9558 9562
3 4915 5084 7775
3 8076 8146 377
3 8496 8668 6070
3 6080 6173 9652
3 8946 9435 9482
3 9668 1354 3646
3 5953 5787 134
3 9847 5223 1548
3 6037 5110 9430
3 2079 1644 1773
3 2408 2448 3003
3 749 816 1003
3 3938 4242 4683
3 5034 5078 5561
3 4192 261 2077
3 9522 1709 4612
3 975 1222 1414
3 8162 8360 8459
3 1537 1689 1738
3 2913 3758 6020
3 265 5145 5292
3 2574 2800 2856
3 2257 2266 2319
3 3832 3861 4056
3 5575 6235 5646
3 7301 6268 6347
3 8070 2813 5703
3 5942 5037 2188
3 4463 5002 5025
3 5126 5261 6564
3 4117 4299 4326
3 6572 2180 7508
3 7885 8014 3369
3 8558 6122 8783
3 7157 43 127
3 3241 6910 6760
3 3874 5421 327
3 7076 7755 3688
3 8958 9285 9463
3 9508 9889 19
3 3303 7420 8408
3 364 367 369
3 8551 2058 2150
3 601 612 614
3 704 715 785
3 1328 1633 2001
3 2021 2178 2225
3 2336 2468 3771
3 2704 2744 2794
3 2838 2857 3366
3 3458 3598 3634
3 2355 8912 2383
3 4433 4503 1887
3 4568 4816 4993
3 5053 3237 5054
3 5185 996 5289
3 5580 6120 6135
3 2748 2779 1572
3 2998 1903 3432
3 357 1349 1038
3 3122 2826 3101
3 8774 1352 1907
3 239 7009 187
3 7892 7979 8016
3 8181 8269 8526
3 5091 3269 5302
3 8942 8966 9054
3 9130 9174 9377
3 9728 9763 9781
3 1103 1083 9945
3 1088 1421 2666
3 4540 254 119
3 1294 1386 277
3 1459 1733 1794
3 2067 2084 2270
3 2275 7891 2371
3 979 2970 7620
3 9610 2976 9625
3 3729 3856 3918
3 3995 3066 4005
3 4127 4353 4492
3 4674 4756 4844
3 5129 5196 5224
3 5242 505 5692
3 3159 5842 5894
3 5956 5974 6044
3 6286 6706 6810
3 7164 7288 7539
3 7913 8586 3172
3 4037 8078 8236
3 8657 8878 3666
3 8899 8962 2630
3 5914 9108 9160
3 9352 9424 9563
3 9789 9867 9872
3 8087 9219 1008
3 7987 8351 5946
3 6445 581 832
3 6314 4272 1626
3 9039 2262 3680
3 5924 2902 3009
3 5968 2076 1070
3 4334 3077 3668
3 3283 4377 4306
3 3501 3560 4436
3 3552 4850 3204
3 4531 4370 5111
3 4852 3925 5365
3 5493 6025 7171
3 5852 7174 6488
3 5193 6106 7046
3 3417 3374 4735
3 3848 3472 6069
3 6108 7967 7370
3 7845 9207 9244
3 9026 7977 7156
3 7120 6771 623
3 8221 1155 4121
3 8265 5339 6447
3 1967 7380 6871
3 5509 8788 5595
3 3395 6368 3341
3 4421 4443 5138
3 1544 7585 7484
3 9800 2521 2739
3 4110 9696 7737
3 9006 9087 4700
3 9465 606 9926
3 1956 9217 5670
3 5790 4070 2690
3 5369 5717 8569
3 8820 5417 5688
3 5437 1182 9677
3 390 1107 7831
3 8292 1690 1057
3 8083 1366 8547
3 1470 9066 228
3 2678 4936 9493
3 272 9018 2653
3 9792 2834 910
3 870 1838 1881
3 798 2513 503
3 806 4389 7287
3 1267 3977 202
3 967 77 5303
3 9360 2930 2411
3 5180 9447 521
3 2249 498 3867
3 2131 2492 7893
3 2622 2966 4274
3 2931 4408 690
3 5012 4530 720
3 3350 1977 966
3 5432 3528 3415
3 6933 4782 1263
3 4515 6633 6807
3 3961 3392 4988
3 3487 3975 7599
3 3211 9544 7341
3 8377 6723 3164
3 6094 5217 6014
3 6201 1826 4288
3 964 1097 7227
3 4341 4445 2474
3 2850 9249 4507
3 4625 4115 7263
3 4660 5328 4741
3 3102 3095 8844
3 2211 2126 2327
3 6375 9005 7442
3 2316 6209 5581
3 5576 7392 7458
3 7154 7184 3354
3 9505 3358 2174
3 9829 9886 4458
3 9991 1153 3731
3 1042 4919 1113
3 6679 5985 4873
3 5407 1860 8122
3 5837 8661 9090
3 8744 8581 4142
3 9513 8600 7649
3 7038 7760 6556
3 6470 6504 7958
3 8436 8209 5750
3 7655 7802 8848
3 5874 7465 8598
3 9206 7528 2029
3 2122 1511 162
3 1525 856 641
3 571 9021 9658
3 1151 9099 4218
3 9180 4287 4614
3 4513 1437 2269
3 1477 3675 5367
3 1005 2379 2921
3 3118 237 3953
3 3405 9153 410
3 190 3450 5516
3 6024 4963 7159
3 5220 7327 2607
3 2363 7794 298
3 485 1402 9448
3 5748 6825 9410
3 1102 7389 7739
3 8099 799 1252
3 1258 5215 4780
3 3202 7300 2925
3 1758 8528 3193
3 8373 9379 7122
3 4698 553 8549
3 1706 352 1619
3 6330 9444 6830
3 1219 1576 9774
3 542 3090 5353
3 2876 3165 2569
3 3500 6345 2681
3 3768 2426 1490
3 1628 1941 5137
3 4216 2916 2908
3 7645 3346 6734
3 3637 5454 5036
3 5127 1358 5661
3 1273 2097 9693
3 9324 6982 1813
3 5079 8807 6817
3 1588 6453 6153
3 6854 7335 5521
3 7429 6876 7055
3 7072 6787 7625
3 6808 4676 8963
3 9427 4027 2847
3 2842 1924 248
3 1218 1929 337
3 2580 8052 1506
3 761 8154 997
3 2688 2717 1076
3 9138 4123 1803
3 1515 1216 5786
3 4234 5297 2230
3 7949 3915 7513
3 8312 9912 8211
3 8944 4317 8173
3 6591 4022 5179
3 6105 6745 4243
3 8131 5293 8017
3 7973 4794 7657
3 5080 7089 7679
3 8827 5554 3025
3 3084 6765 6082
3 5887 1395 1338
3 9017 7438 1158
3 9257 9902 309
3 314 8936 3333
3 9309 3497 8749
3 8805 222 736
3 7719 993 5789
3 9973 7311 9884
3 191 2370 1054
3 1243 4120 2518
3 6358 4257 6406
3 6341 9330 9484
3 9694 5247 2349
3 466 2552 1055
3 284 4500 2959
3 939 5491 4409
3 448 9646 9495
3 4938 4384 809
3 5439 6374 8813
3 5884 7535 8891
3 8826 3898 2347
3 5458 3522 9081
3 9000 9226 9661
3 9139 3073 3138
3 5376 5282 6950
3 7125 5485 7111
3 6968 6615 1539
3 9669 8945 9076
3 3039 9673 1944
3 1857 5068 9903
3 8 5030 519
3 4971 1223 4575
3 2882 1091 3254
3 8998 9969 788
3 8890 1410 696
3 3477 2801 3048
3 1805 3279 4258
3 2680 4486 8303
3 4761 8681 6278
3 4065 4080 6179
3 9438 4684 4930
3 9601 2142 5636
3 5311 2562 4764
3 5749 3488 6114
3 3670 5755 6806
3 6281 6763 1858
3 8366 8620 6912
3 8906 5351 8451
3 7886 5272 7394
3 2860 3423 7531
3 1207 9387 216
3 1317 9865 74
3 9814 5978 1443
3 1285 6081 6829
3 374 6344 1872
3 427 6382 3349
3 5428 5589 5545
3 5757 3890 5965
3 6536 1139 3026
3 3111 1095 3658
3 7299 2620 7246
3 5760 2013 2082
3 3426 5604 3068
3 9681 3479 7350
3 8171 5027 8703
3 8717 6947 2042
3 6967 9318 7372
3 6709 7405 6969
3 7109 106 7476
3 215 8817 4393
3 8424 4609 1075
3 805 3179 515
3 517 1278 1079
3 315 9904 1745
3 64 326 2511
3 928 2526 1499
3 2049 5698 1691
3 5601 1346 5252
3 267 5569 9964
3 9188 3335 2660
3 5395 3409 8499
3 8662 527 3080
3 3150 6754 2181
3 7131 8008 5057
3 8257 3447 2018
3 2948 3079 3763
3 6858 2757 6948
3 629 6999 9120
3 9046 6660 6186
3 5668 7854 5788
3 8927 4133 5943
3 4239 5160 9027
3 572 2 3290
3 587 271 8365
3 8356 2054 9832
3 510 9815 1693
3 3936 2919 1947
3 2372 2299 2614
3 2703 2175 6542
3 6579 2088 4885
3 2743 5072 2745
3 2517 4109 4020
3 4014 7638 7492
3 3700 5388 2696
3 4423 3790 7040
3 5537 5309 4985
3 7066 5677 2831
3 2993 4710 4715
3 5123 7272 1109
3 6403 7081 6652
3 5259 7417 5822
3 6101 1578 6154
3 6162 6073 8739
3 3600 8400 5528
3 3086 9255 9733
3 9685 1435 1474
3 1306 1407 7670
3 650 9212 8090
3 9023 449 3360
3 555 567 411
3 531 3897 1970
3 600 4547 9854
3 6518 169 6468
3 6166 974 1060
3 4198 7871 5888
3 7808 5690 5169
3 5018 6216 8100
3 5689 6269 988
3 961 6737 7339
3 7735 6708 4160
3 6543 4205 8533
3 8396 9347 9208
3 1663 2452 380
3 2587 776 1999
3 940 1550 2218
3 2224 423 1183
3 1168 5241 9764
3 3625 5286 1631
3 2693 4108 8615
3 2301 8646 7268
3 7527 3091 8246
3 3070 2725 6427
3 2782 3633 6845
3 4158 7007 6619
3 5070 6621 5009
3 4533 8762 2314
3 2325 5624 308
3 5063 5940 6282
3 9291 627 9254
3 7192 4077 7001
3 4040 4797 5674
3 7773 4718 7345
3 609 4373 3667
3 4846 3863 8443
3 6458 9393 9662
3 3928 6392 3772
3 6416 6767 4829
3 4896 3240 8748
3 3663 3177 1582
3 5889 6183 5877
3 4648 4177 4025
3 8053 2897 4309
3 5734 7857 9098
3 3296 9881 1077
3 3871 1000 4153
3 3797 7398 4148
3 5003 3218 2168
3 2510 9224 5614
3 7842 5596 3018
3 3419 9155 7383
3 3707 450 175
3 9470 2635 2176
3 2611 7654 329
3 777 2052 7781
3 6815 1973 2108
3 1647 6773 5176
3 7646 6749 9316
3 1016 3117 6224
3 299 2348 3195
3 2866 2936 6395
3 5678 6401 6593
3 130 1320 6285
3 7637 2352 12
3 5147 5862 8513
3 5055 1890 7827
3 3549 7916 759
3 768 7052 8557
3 4422 8883 6919
3 1846 5588 1902
3 7258 5680 9772
3 7332 7245 7211
3 3440 8073 7628
3 8039 9190 9233
3 9506 9837 7047
3 8893 3310 6354
3 763 8605 9645
3 8596 9628 1297
3 1518 9990 41
3 3785 3331 4018
3 1850 3030 2229
3 306 3325 2756
3 638 8062 8170
3 523 9117 2147
3 7887 1802 7623
3 7982 1989 1547
3 294 8227 2663
2 1315 6684
2 6840 9798
2 8522 7570
2 8647 7901
2 4280 2473
2 3714 920
2 4795 138
2 4618 5995
2 5201 2888
2 4658 5360
2 5218 3219
2 9842 1438
2 8735 8195
2 9462 1931
2 6057 8323
2 4834 2291
2 6460 5436
2 5675 9211
2 7025 244
2 1319 6996
2 7853 3741
2 9384 9975
2 9951 4053
2 7200 3612
2 7235 9955
2 8672 3033
2 7909 9331
2 3314 1225
2 4697 235
2 5331 2557
2 4113 262
2 942 1885
2 4781 591
2 7293 6670
2 7224 5642
2 1141 9266
2 9136 2698
2 7771 4967
2 8497 2790
2 9839 7498
2 8760 637
2 8552 6507
2 8213 2251
2 5960 943
2 8521 3801
2 6277 8979
2 8422 8536
2 9409 1068
2 8156 8329
2 2967 3481
2 3909 2523
2 8838 9591
2 3408 7020
2 9804 2171
2 9355 5317
2 475 3270
2 7062 5967
2 7873 9616
2 6683 9236
2 1018 8389
2 8237 8368
2 4035 9045
2 5473 950
2 2829 3624
2 140 1530
2 242 6072
2 418 764
2 5876 3478
2 1465 3326
2 3119 1303
2 7801 6661
2 7932 3762
2 6274 165
2 6750 492
2 4645 4227
2 6379 1645
2 5021 8302
2 7866 8023
2 3588 4620
2 6888 8505
2 4920 8113
2 5256 1189
2 5726 8913
2 5135 8185
2 1567 4195
2 2044 5701
2 1022 1473
2 1064 4868
2 8291 6019
2 632 4266
2 7928 7787
2 5456 1324
2 6940 8391
2 6707 2568
2 1982 5936
2 7112 3400
2 7571 4757
2 2248 2332
2 4313 2734
2 5568 3064
2 4519 670
2 4128 6527
2 1489 7180
2 9348 8274
2 2910 2909
2 3054 4042
2 8158 1852
2 2700 9905
2 880 9278
2 4013 1217
2 7031 9950
2 5479 1345
2 1391 107
2 5603 1741
2 7002 957
2 2720 9237
2 4733 3046
2 1832 6718
2 9970 3907
2 8254 6378
2 7185 9883
2 7421 1295
2 3837 2204
2 9589 5464
2 4082 3684
2 6272 6918
2 158 1176
2 7843 4300
2 5499 7106
2 9786 7894
2 220 5709
2 2306 5639
2 9037 3722
2 8676 9622
2 1859 8928
2 9178 3446
2 4895 1454
2 5685 9735
2 9700 9960
2 3693 8772
2 3157 829
2 4012 6885
2 5275 570
2 8230 4944
2 5105 8319
2 4360 8223
2 5542 3255
2 3988 646
2 5015 2100
2 2476 2885
2 7377 7486
2 6009 6512
2 9303 2253
2 7840 6875
2 9339 4583
2 2561 544
2 4414 6866
2 1727 5798
2 2140 4512
2 6239 5267
2 8458 8831
2 4441 5792
2 700 4610
2 8503 114
2 3529 2365
2 9641 4962
2 9258 6321
2 3901 4413
2 7611 1995
2 4191 196
2 7897 6150
2 8730 8867
2 2107 2997
2 1039 7797
2 1608 3494
2 1337 5543
2 7063 3968
2 812 3734
2 9369 3328
2 4006 1186
2 91 2651
2 1035 2075
2 4763 5384
2 9794 6438
2 3847 7347
2 4028 6496
2 822 6305
2 5591 6860
2 8594 5969
2 4738 8475
2 2659 7241
2 4494 5298
2 9723 8882
2 5296 8469
2 8832 6049
2 3187 3471
2 5321 4740
2 9934 4728
2 4229 904
2 5095 8660
2 5767 2594
2 549 8763
2 8174 1686
2 7690 7257
2 2633 8595
2 6783 1145
2 5964 1599
2 3251 5963
2 3019 2238
2 9074 7474
2 7283 4642
2 7401 1447
2 4721 8278
2 1355 7493
2 3434 260
2 6033 6986
2 1557 6151
2 88 391
2 3780 2933
2 3427 8345
2 6167 3414
2 3243 8077
2 1811 3363
2 536 566
2 3051 7511
2 4712 4937
2 2658 2665
2 8495 8655
2 1066 5404
2 5088 4416
2 1585 5222
2 2359 2515
2 6634 2978
2 671 815
2 1829 1195
2 4584 3016
2 5928 9469
2 2955 3194
2 3486 3823
2 2433 3109
2 6644 6930
2 4271 4365
2 4122 2285
2 5263 5347
2 8969 9030
2 5423 5495
2 7360 7651
2 1555 1764
2 607 1211
2 5961 6535
2 9082 2863
2 3158 3453
2 5691 5925
2 1862 1864
2 9943 112
2 4466 4828
2 5892 5929
2 5364 5722
2 7749 8219
2 3644 3852
2 6622 6880
2 1289 1348
2 6881 6945
2 7162 7260
2 9371 9547
2 2636 8812
2 577 5322
2 653 4417
2 9084 4672
2 1579 9811
2 1460 672
2 7364 481
2 1911 8631
2 9788 486
2 4616 1254
2 4737 8248
2 5607 2505
2 6230 6136
2 7858 8532
2 2540 181
2 7988 8065
2 8331 3577
2 338 5117
2 8836 9032
2 9478 255
2 323 786
2 895 1413
2 1541 1594
2 1635 3502
2 6288 2543
2 7058 8742
2 2821 8463
2 7433 3373
2 4327 3669
2 4701 4802
2 8419 4819
2 5150 5274
2 5469 5740
2 5816 5851
2 6402 8446
2 6905 6924
2 7732 3444
2 7334 7343
2 7656 3222
2 7766 6832
2 7772 7855
2 7900 2066
2 5038 2695
2 2773 2740
2 8881 8933
2 9175 9473
2 9623 9648
2 9706 2890
2 871 2692
2 3813 7306
2 1333 3585
2 1466 8381
2 1597 2420
2 8819 6006
2 2161 3242
2 2436 1059
2 837 965
2 3173 3210
2 3217 2116
2 3391 3495
2 881 1942
2 4002 4247
2 4768 5973
2 1580 2200
2 6018 6055
2 6339 6562
2 6743 6751
2 6921 7660
2 7989 8128
2 8155 8559
2 8560 1658
2 9193 9479
2 9259 9312
2 9682 1412
2 38 51
2 72 686
2 695 5419
2 7381 5032
2 2415 9240
2 2502 2504
2 2551 5807
2 3321 3467
2 3695 4184
2 4444 4739
2 1575 1020
2 5782 6143
2 6435 6441
2 6650 7745
2 6804 6868
2 2424 3110
2 7919 8147
2 8214 8794
2 8610 8628
2 8855 1082
2 9010 9145
2 9821 269
2 1478 1521
2 1808 1882
2 2522 2537
2 2597 2797
2 3027 8429
2 3503 3492
2 3916 9375
2 4269 4956
2 5133 9345
2 5238 5273
2 5742 5921
2 6065 5188
2 6474 6753
2 6797 8624
2 7061 6730
2 7279 7431
2 7626 7872
2 8228 8251
2 8415 8540
2 8713 4059
2 9020 9041
2 9051 6142
2 3348 7015
2 9434 9634
2 9890 3338
2 7270 3220
2 1198 7239
2 1581 2157
2 2839 2906
2 9298 5299
2 3057 3133
2 697 5890
2 4050 6400
2 4464 5225
2 6284 5120
2 1559 4157
2 5463 677
2 5811 3049
2 5915 6088
2 3041 4666
2 6788 6939
2 8104 161
2 8474 8768
2 8951 8972
2 9050 9322
2 9536 9851
2 394 9981
2 598 6390
2 2128 4813
2 826 6343
2 734 1558
2 1583 660
2 1854 7179
2 2691 626
2 3256 4354
2 3671 3759
2 3804 1405
2 4457 4594
2 4641 8685
2 2051 4806
2 6000 6007
2 6054 6109
2 6212 1187
2 4602 6714
2 5141 6618
2 7321 1462
2 7342 7564
2 7668 7716
2 8359 8599
2 9386 8604
2 9060 9107
2 9474 5512
2 9500 814
2 938 8747
2 2439 6493
2 3343 2380
2 8455 2823
2 2889 2963
2 3399 3586
2 3623 6337
2 4545 4754
2 4928 4954
2 5099 5333
2 5448 5453
2 6319 1444
2 6570 6606
2 6690 6704
2 6821 7099
2 7266 7467
2 2423 1920
2 8984 8988
2 9245 9248
2 9284 9592
2 9664 9812
2 2603 4505
2 493 546
2 3074 888
2 1238 2895
2 1424 1540
2 1613 2104
2 2121 1162
2 9869 3796
2 7167 3191
2 273 7717
2 7661 8439
2 5535 5766
2 5814 5819
2 6074 6079
2 7481 7217
2 9176 7652
2 1298 4263
2 8761 7829
2 7848 1002
2 8545 8232
2 4379 8203
2 8695 9370
2 8957 8992
2 9057 9097
2 9281 5444
2 7844 9399
2 9715 9586
2 4667 322
2 3329 4388
2 8275 1065
2 1399 2202
2 1551 4769
2 1954 2186
2 2886 4517
2 2770 1766
2 2988 3259
2 3455 9608
2 3602 6776
2 3662 6554
2 4231 4622
2 5162 1436
2 4752 4762
2 5113 2377
2 5498 537
2 5700 6039
2 6508 6511
2 6694 4165
2 8012 823
2 1265 3616
