160
4 436 490 381 457
4 427 426 469 464
4 428 467 470 248
4 424 480 3 477
4 466 16 478 489
4 429 312 446 341
4 447 303 460 461
4 458 18 26 274
4 27 4 29 30
4 481 497 496 24
4 488 34 22 39
4 42 43 383 48
4 433 479 393 44
4 344 10 438 49
4 50 41 439 471
4 56 53 434 60
4 20 435 54 378
4 0 57 419 69
4 65 67 452 70
4 437 451 74 77
4 453 417 79 450
4 80 71 101 76
4 78 75 128 66
4 68 92 82 59
4 126 94 468 84
4 88 91 6 288
4 98 63 58 103
4 107 102 13 100
4 110 109 476 271
4 105 85 116 72
4 62 117 124 125
4 115 272 430 120
4 132 122 133 270
4 118 36 112 129
4 135 431 96 382
4 131 123 113 90
4 130 148 144 149
4 106 146 25 305
4 127 137 136 108
4 412 142 157 155
4 55 153 151 104
4 161 244 159 432
4 160 240 206 342
4 121 176 172 177
4 174 372 345 143
4 167 346 472 180
4 183 309 292 293
4 178 61 168 134
4 394 179 395 162
4 425 164 191 51
4 189 95 40 202
4 198 204 114 188
4 200 402 486 367
4 366 403 210 214
4 487 215 207 220
4 216 224 225 242
4 241 226 38 218
4 37 232 222 15
4 223 233 228 235
4 229 169 219 227
3 170 277 205
3 276 238 246
3 239 237 249
3 252 253 8
3 243 475 474
3 258 250 259
3 194 158 150
3 255 273 262
3 261 257 267
3 265 138 278
3 275 296 31
3 327 484 23
3 485 221 279
3 217 245 340
3 156 152 254
3 173 289 73
3 380 283 284
3 379 294 295
3 287 348 282
3 385 297 264
3 304 390 343
3 306 307 354
3 175 281 140
3 291 313 308
3 315 448 316
3 400 398 465
3 418 321 81
3 399 302 139
3 328 329 52
3 413 208 201
3 376 325 324
3 444 331 494
3 111 99 463
3 409 171 338
3 347 181 11
3 269 247 349
3 285 323 351
3 410 368 163
3 384 336 357
3 298 360 19
3 495 363 364
3 335 358 211
3 355 2 404
3 361 373 186
3 320 21 318
3 290 89 310
3 377 370 46
3 185 352 386
3 387 408 449
3 356 391 392
3 192 371 199
3 396 397 236
3 442 263 187
3 362 388 401
3 317 405 350
3 389 359 339
3 406 407 411
3 414 415 416
3 209 260 374
3 493 14 256
2 422 319
2 12 119
2 5 443
2 64 165
2 9 195
2 184 190
2 141 213
2 87 93
2 268 299
2 440 441
2 314 423
2 445 1
2 45 47
2 193 330
2 83 97
2 337 301
2 454 421
2 353 456
2 459 334
2 32 35
2 462 182
2 7 311
2 231 17
2 86 166
2 498 332
2 473 420
2 251 196
2 234 266
2 212 455
2 154 147
2 482 483
2 145 33
2 280 286
2 203 300
2 491 197
2 492 375
2 365 369
2 230 322
2 499 326
2 333 28
