65
6 6 3465509398779757
13988 25555 2154753727553324
8272 10247 5338458442301888
13973 26419 3513626523439425
26597 37816 4245730305851899
1 3 100
5 1 100
49127 75508 3693288613316216
2 3 9429605562755370
259149987802241 6689368820300403 3534721002568495
3626621529746551 3995165959615617 3319701929960343
1000000000000 1 1000000000000
19749 37179 1140508669256069
2 3 1
99838 101928 3638110057611840
4 6 7754441745231444
1 1 7851116204037232
4175966084693454 5040165207533386 1846283425419327
1 1 6044898352400565
4930 6317 3001060110844245
1 1000000000000 1000000000000
1000000000000 1 1
10 13 11234567890
6 9 2903294259185990
10 13 8689503031950123
5 9 2462869142646418
5 9 9152845331581750
60280 106158 382504020903546
4 7 6988873275022466
25878 28689 9188723367817961
74036 112850 549053549625598
7 7 6977204123379581
10 13 3337041873753082
9545048558841825 6899255672076999 9272818149758853
74116 111994 1493371909130523
7 12 6439637337963783
10 10 4042027009034951
3 5 840843200459482
4 4 1760792368134037
1 1 3771679948420674
5 7 4495587747091262
4 6 2271224666368145
2 2 9825445613196928
9 10 9259928947805118
80006 121046 2203488461171151
1 1 1000000000000
37177 52260 3627623246300954
1 1000000000000 1
9706554173387903 5097740681849255 2095245244912381
5 8 550103143310362
2 3 2
9966606336937688 9740005473217677 583445907010364
314 512 1024
9334 14595 5458585253152592
6761462000443010 904477908128201 3043816924959190
9 17 7379218941168776
4 4 4198590241362000
725831654114702 4541733210835335 2742887072719959
6 9 497087563
2 3 5
5089 7407 1785197717173513
314 512 133769420
7861 11257 5477539912208008
48878 70096 1422160026469748
6396320710057362 7814230344468181 3183274048075890
