500
100 2 2 1
999999999 100 999999998 3
999999999 4 2 3
1000000000 1000000000 3 3
999999999 4 1 1
999999999 100 1 2
713458743 999999999 1 232415301
1000000000 100 3 62
999999999 999999999 999999998 3
4 999999999 3 1
2 1000000000 1 3
3 1000000000 2 2
999999999 999999999 999999998 2
804684832 197217720 1 153175513
843094006 3 3 1
100 999999999 1 4861357
100 100 2 3
4 3 1 2
1000000000 3 1 1
365482087 971250614 97597 28576180
4 292678792 1 2
1000000000 2 1 1
3 100 1 3
999999999 1000000000 999999998 999999999
1000000000 84082569 375561153 2
4 21218471 2 2
100 999999999 3 607160337
1000000000 999999999 1 1
100 2 9 1
100 4 3 3
1000000000 100 1 2
4 1000000000 2 2
100 999999999 57 187975571
100 39439397 2 35075686
999999999 1000000000 3 3
275678673 999999999 1 1
1000000000 1000000000 999999999 1
586838884 999999999 2 2
999999999 1000000000 2 3
999999999 1000000000 2 724564983
1000000000 4 999999999 2
100 999999999 5 3
1000000000 3 2 1
100 4 99 2
4 100 2 99
100 4 2 3
4 1000000000 3 3
100 100 99 99
2 243229745 1 59406209
3 1000000000 1 1
100 3 98 2
999999999 3 1 2
2 999999999 1 2
100 999999999 3 1
100 100 1 1
820459816 1000000000 228363612 2
1000000000 999999999 2 999999998
3 1000000000 1 859457977
1000000000 999999999 2 3
1000000000 445823784 2 2
999999999 1000000000 3 233117279
999999999 1000000000 3 2
704993648 595827515 1 3
999999999 100 2 3
1000000000 4 999999999 1
826551905 100 1 49
1000000000 100 450060632 3
100 1000000000 3 2
999999999 1000000000 2 999999999
1000000000 100 99694839 3
1000000000 2 999999999 1
3 750409238 1 2
2 100 1 66
100 100 2 80
999999999 1000000000 3 999999999
1000000000 3 999999999 2
100 100 3 99
100 4 84 3
100 4 99 3
100 1000000000 1 3
3 387806766 2 3
999999999 100 999999998 1
999999999 100 2 1
3 100 1 99
4 100 2 3
1000000000 100 3 99
4 100 3 99
100 999999999 3 3
100 999999999 3 999999998
2 611627491 1 2
1000000000 1000000000 3 999999999
204388631 3 2 2
999999999 1000000000 1 2
100 999999999 99 2
2 999999999 1 354427649
1000000000 352351844 795508322 1
1000000000 100 2 2
999999999 1000000000 999999998 2
100 1000000000 3 3
4 308024713 3 2
100 100 1 99
3 999999999 1 1
1000000000 1000000000 1 2
100 2 3 1
2 999999999 1 999999998
630783940 100 3 2
3 999999999 1 999999998
999999999 100 3 99
3 3 2 2
100 1000000000 1 999999999
1000000000 100 1 1
100 397986566 65 2
100 100 3 3
100 100 99 1
999999999 4 2 1
135818523 100 127108945 1
1000000000 1000000000 2 3
999999999 100 1 1
4 4 3 2
1000000000 748176992 2 3
999999999 999999999 1 713021361
999999999 2 1 1
100 100 2 99
999999999 1000000000 2 2
2 3 1 2
4 40276081 1 3
4 1000000000 1 3
999999999 3 999999998 1
100 461180180 3 3
100 999999999 99 999999998
3 2 1 1
100 1000000000 3 875437474
999999999 4 1 3
2 999999999 1 3
3 999999999 2 999999998
3 999999999 2 217585714
3 999999999 2 930212147
4 999999999 3 999999998
999999999 999999999 2 2
999999999 1000000000 3 1
999999999 999999999 3 3
999999999 3 3 2
1000000000 100 3 2
4 999999999 3 2
4 4 2 2
999999999 999999999 2 3
3 1000000000 2 999999999
100 2 99 1
100 100 99 3
702326696 999999999 3 1
1000000000 1000000000 999999999 999999999
4 999999999 2 1
100 3 99 1
990898699 2 1 1
1000000000 999999999 3 1
251333014 100 1 2
3 100 1 2
999999999 1000000000 488516079 1
999999999 4 2 2
4 1000000000 1 809590669
4 100 2 71
3 1000000000 1 2
100 1000000000 3 999999999
1000000000 4 3 3
100 999999999 99 3
999999999 100 3 2
1000000000 999999999 3 3
1000000000 4 2 2
1000000000 1000000000 2 999999999
999999999 4 3 1
1000000000 100 1 99
100 4 1 3
160776118 100 1 1
4 100 1 3
4 3 2 1
3 1000000000 1 3
999999999 1000000000 999999998 1
587962907 2 570433024 1
1000000000 4 1 3
100 100 70 2
2 100 1 1
998645846 2 2 1
404696558 1000000000 344580310 355699065
690839093 999999999 2 3
1000000000 999999999 313743023 2
999999999 3 2 1
1000000000 4 2 3
1000000000 4 1 1
66434218 3 2 2
999999999 3 132294377 2
4 625855660 3 1
999999999 999999999 1 2
100 999999999 1 3
1000000000 3 999999999 1
1000000000 100 1 3
100 351514573 1 3
19089712 3 3 1
671771882 1000000000 458242975 1
1000000000 4 120887411 1
1000000000 1000000000 990110168 2
3 999999999 2 478452455
3 999999999 2 2
999999999 4 3 2
4 314723735 2 2
100 999999999 2 217038469
100 492122489 3 2
4 4 2 1
999999999 999999999 470395372 2
4 100 3 1
999999999 2 3 1
109588419 516866303 95880941 3
999999999 999999999 2 1
100 470997877 1 2
999999999 999999999 999999998 1
999999999 3 1 1
1000000000 3 1 2
1000000000 3 3 1
1000000000 100 3 3
999999999 4 999999998 1
999999999 999999999 1 999999998
1000000000 999999999 999999999 999999998
999999999 999999999 1 3
992439437 2 2 1
100 999999999 1 999999998
2 4 1 1
4 999999999 1 999999998
999999999 100 1 3
999999999 4 3 3
3 100 2 99
1000000000 100 999999999 3
100 999999999 49 1
1000000000 3 2 2
4 100 3 2
999999999 999999999 999999998 999999998
1000000000 4 606716047 3
100 1000000000 1 2
1000000000 999999999 3 999999998
4 1000000000 3 2
100 4 2 2
201238540 100 49757290 14
688697997 456509775 2 1
3 2 2 1
4 198068727 2 2
2 3 1 1
3 999999999 1 419422452
475576299 79599546 62711377 1
1000000000 4 999999999 3
2 1000000000 1 2
999999999 100 2 99
4 2 1 1
2 100 1 3
2 2 1 1
100 100 3 1
999999999 553819129 274277625 13275303
999999999 1000000000 2 1
1000000000 4 998306795 2
100 999999999 3 2
100 1000000000 2 999999999
4 1000000000 1 999999999
100 3 1 1
999999999 3 2 2
100 1000000000 2 2
1000000000 1000000000 999999999 3
3 440178503 1 1
1000000000 999999999 999999999 1
999999999 100 2 11
268284003 3 3 1
1000000000 4 3 1
2 251894516 1 3
100 100 2 2
569981406 4 2 2
1000000000 100 872721048 64
2 100 1 99
999999999 489345280 108542079 3
3 3 2 1
3 100 2 1
999999999 3 3 1
76553835 3 3 2
3 3 1 2
999999999 999999999 3 2
3 999999999 2 1
100 2 1 1
3 1000000000 1 999999999
1000000000 2 2 1
1000000000 999999999 1 3
1000000000 100 2 16
427727826 1000000000 3 1
999999999 1000000000 1 3
999999999 100 999999998 2
100 100 3 2
100 999999999 2 3
1000000000 999999999 2 2
100 3 3 1
999999999 100 1 99
100 305987626 2 48247012
4 100 1 40
100 1000000000 99 2
100 3 2 1
100 4 3 1
999999999 306100163 2 1
1000000000 999999999 999999999 2
1000000000 3 3 2
100 999999999 99 1
809198703 3 2 1
1000000000 1000000000 3 2
1000000000 889034323 2 585497466
900930753 3 3 1
904027769 100 278679397 3
999999999 2 999999998 1
3 190048202 1 3
100 100 1 2
3 100 2 3
880984255 1000000000 1 3
1000000000 634373833 687984129 3
999999999 100 3 89
4 2 3 1
4 1000000000 3 999999999
400638252 4 3 2
100 100 3 48
1000000000 743670139 3 3
3 4 1 2
4 100 1 1
999999999 999999999 1 1
4 1000000000 1 2
1000000000 4 1 2
1000000000 1000000000 999999999 2
598618548 1000000000 1 2
1000000000 999999999 2 47219043
4 100 2 2
999999999 2 2 1
4 4 2 3
999999999 878891013 1 3
3 402700402 2 1
3 100 1 1
1000000000 2 3 1
999999999 1000000000 38408940 1
1000000000 100 999999999 1
3 1000000000 2 3
4 4 3 1
142421367 2 48241495 1
999999999 100 3 3
1000000000 100 2 27
2 999999999 1 1
914040527 100 1 2
1000000000 1000000000 1 4469475
372315310 428364244 1 1
3 999999999 2 3
1000000000 100 3 1
4 999999999 1 2
1000000000 1000000000 3 1
999999999 388726895 726514352 2
759115178 100 3 1
999999999 1000000000 1 1
100 1000000000 99 999999999
100 1000000000 99 1
100 4 1 1
241065083 1000000000 1 1
999999999 999999999 3 999999998
4 3 3 1
4 1000000000 3 1
1000000000 4 3 2
4 100 1 2
499812538 999999999 1 1
1000000000 100 999999999 99
515006471 3 3 2
269564282 100 1 3
3 999999999 1 701097245
543383962 764857696 2 41522173
1000000000 1000000000 245797795 1
4 4 1 2
126406469 999999999 3 3
4 3 1 1
4 999999999 1 344277279
999999999 100 361399062 76
1000000000 999999999 1 999999998
100 999999999 1 2
100 3 99 2
1000000000 999999999 3 2
100 3 1 2
207868204 1000000000 2 225202610
100 1000000000 99 3
4 999999999 1 3
513324740 2 1 1
4 100 2 91
3 4 2 2
4 999999999 3 3
312920545 1000000000 309279031 2
999999999 3 768481208 2
100 100 1 3
351511977 1000000000 3 1
100 4 99 1
1000000000 723284552 647366837 1
1000000000 100 999999999 2
4 1000000000 1 1
3 4 1 1
999999999 999999999 3 97982365
1000000000 1000000000 1 999999999
2 1000000000 1 999999999
3 4 2 3
2 1000000000 1 1
999999999 999999999 2 999999998
999999999 4 627313199 3
3 1000000000 2 1
803061495 4 3 3
606735969 100 574575067 9
377279890 1000000000 2 469488179
1000000000 100 2 3
100 1000000000 1 1
2 477765917 1 413635441
377173489 999999999 3 1
4 999999999 2 999999998
1000000000 100 2 99
100 999999999 2 1
4 1000000000 2 3
999999999 100 3 1
4 999999999 2 3
100 3 3 2
999999999 1000000000 999999998 3
100 1000000000 2 1
1000000000 999999999 999999999 3
2 1000000000 1 621800414
474573491 100 2 2
999999999 999999999 3 361042743
1000000000 1000000000 1 3
1000000000 1000000000 2 2
770491971 1000000000 3 1
999999999 4 999999998 3
999999999 100 1 92
270079655 4 13920983 1
999999999 100 999999998 99
3 3 1 1
100 999999999 72 3
3 100 2 2
999999999 999999999 3 1
3 999999999 1 3
2 100 1 2
4 100 1 99
100 4 1 2
163592637 549432548 2 110629430
804494411 2 1 1
100 999999999 2 2
4 4 1 3
4 3 3 2
999999999 1000000000 1 999999999
2 4 1 3
1000000000 4 2 1
4 999999999 1 1
189832940 1000000000 2 3
1000000000 2 592728920 1
2 4 1 2
999999999 4 999999998 2
1000000000 999999999 1 2
100 4 2 1
4 1000000000 2 812085677
779009402 100 3 3
1000000000 999999999 2 1
100 3 2 2
1000000000 3 198570665 2
999999999 153855548 3 2
1000000000 1000000000 301408972 2
999999999 3 999999998 2
100 999999999 1 1
3 637320062 1 460765579
4 1000000000 2 1
4 2 2 1
4 1000000000 2 999999999
100 1000000000 3 1
1000000000 1000000000 3 165697225
999999999 4 1 2
100 999999999 2 999999998
100 100 99 2
4 3 2 2
3 4 2 1
999999999 1000000000 3 780175482
4 4 1 1
1000000000 760355100 2 1
4 100 2 1
999999999 100 2 2
3 348674172 2 208198940
4 999999999 2 2
3 565428755 1 2
4 100 3 3
3 999999999 1 2
977912389 734778827 532290378 1
699118378 100 371255050 53
2 590064564 1 410727603
422251405 1000000000 332267304 3
4 4 3 3
452792670 1000000000 2 115192647
100 4 3 2
100 1000000000 2 3
1000000000 100 2 1
100 100 2 1
1000000000 1000000000 2 1
588175668 2 2 1
100 999999999 1 913663288
3 4 1 3
1000000000 1000000000 1 1
945684593 999999999 725490874 3
1000000000 999999999 90055928 1
