651
591
586
620
610
640
493
610
659
639
645
560
680
624
687
591
550
658
573
717
703
550
639
562
568
525
683
545
654
639
670
689
666
611
617
613
582
664
605
728
507
566
561
657
586
741
517
635
589
691
631
554
617
672
620
612
749
565
654
717
682
688
704
617
587
626
668
640
581
706
601
593
641
574
528
649
660
520
569
584
606
674
624
669
656
492
601
628
545
631
640
592
626
683
583
711
609
635
684
592
595
623
625
549
628
458
664
535
574
552
533
601
708
695
571
700
597
666
717
504
600
455
530
570
579
687
624
572
512
558
564
676
625
621
616
632
549
620
642
749
527
599
622
685
503
584
650
560
568
657
615
608
610
594
564
575
551
591
593
598
548
684
581
626
578
581
541
626
640
520
517
560
661
657
658
665
613
627
574
652
603
723
661
578
584
574
668
658
590
539
563
628
628
643
602
655
643
573
553
679
544
613
646
504
618
541
594
695
702
588
577
556
624
648
697
591
689
510
592
749
636
611
602
651
567
592
629
604
578
669
644
658
709
565
691
614
647
588
555
614
514
608
522
598
611
611
602
598
541
597
500
599
633
628
675
500
558
604
599
656
644
703
627
723
547
537
717
483
690
684
611
630
581
656
626
543
636
695
571
548
607
578
481
564
637
607
670
649
572
560
513
546
573
586
673
674
615
719
606
603
585
594
651
602
643
519
602
639
607
676
598
592
579
643
459
728
648
543
604
623
624
665
506
578
647
561
693
548
686
650
700
511
591
688
636
595
588
586
604
545
671
636
581
634
645
561
641
630
535
590
548
605
698
563
496
651
620
723
635
606
582
607
495
594
511
657
615
659
539
706
617
596
503
576
572
606
637
530
602
676
702
560
539
702
714
631
548
576
699
560
627
674
622
681
634
613
658
632
722
589
598
621
531
502
604
532
628
593
568
667
564
767
675
659
573
594
634
624
639
645
696
592
611
524
685
578
613
699
538
645
548
604
583
582
582
597
650
692
598
635
659
551
578
680
669
554
646
584
621
601
619
551
576
559
548
548
640
589
573
710
584
595
584
603
676
561
624
550
583
624
613
716
438
555
613
568
650
586
726
655
616
634
672
741
534
628
590
631
595
635
513
568
601
703
642
622
497
651
624
543
558
650
618
550
630
559
495
630
617
621
546
678
666
541
717
598
700
605
626
578
575
540
601
597
542
564
621
713
529
610
596
693
608
577
547
637
630
565
653
602
703
553
658
647
556
503
636
515
590
602
559
653
574
526
680
644
445
550
613
552
525
556
694
703
602
679
666
573
588
518
644
741
661
616
546
532
616
609
589
632
616
634
600
553
737
634
666
607
580
664
648
584
613
557
680
487
603
669
692
599
685
670
661
606
637
641
591
573
600
658
586
740
547
657
636
696
661
541
653
676
568
693
729
553
596
602
705
649
625
686
717
563
587
550
618
640
644
622
608
619
474
580
639
644
643
692
495
543
652
645
606
574
606
657
662
612
649
647
567
590
665
603
689
614
549
567
545
547
505
688
706
534
563
528
623
522
591
485
575
555
563
622
637
569
633
722
669
652
669
650
666
571
600
604
558
546
517
571
630
588
693
555
666
590
559
560
608
673
563
541
669
584
627
656
691
630
637
643
626
538
644
668
675
575
562
669
645
660
700
566
631
530
465
518
601
579
647
627
637
637
698
464
569
578
629
612
612
648
574
628
486
534
518
593
682
549
567
667
537
622
670
540
544
570
682
543
571
512
625
586
612
623
504
507
632
631
622
608
593
670
626
494
601
668
559
562
516
608
606
644
706
595
600
609
637
629
626
651
561
652
549
678
545
635
553
514
705
759
571
648
576
728
720
588
633
679
616
732
540
583
619
548
663
565
651
701
556
600
668
600
581
602
607
627
495
686
621
666
587
639
564
586
602
649
568
493
527
632
574
639
636
586
639
644
712
583
662
738
701
580
598
632
705
646
625
784
579
650
511
589
672
517
629
593
584
696
637
649
615
574
641
693
641
561
710
639
616
687
656
615
638
694
590
658
555
508
616
603
702
764
695
540
518
683
645
609
526
588
727
556
579
546
598
623
608
535
632
543
554
598
552
511
571
573
645
644
653
539
536
596
633
596
698
559
580
584
650
628
706
627
609
538
603
552
543
613
477
556
582
705
700
632
611
617
594
550
468
612
636
580
552
641
667
583
636
672
590
615
568
634
485
638
527
706
608
655
613
502
662
573
549
688
591
621
519
543
650
602
626
639
595
649
545
561
602
531
643
623
660
596
